48 4 
48 4              

c 0 48 100 0.3 1 //C 
c 1 55 100 0.3 1 
c 2 58 100 0.3 1 
c 3 64 100 0.3 1 
c 0 41 100 0.3 5 //F
c 1 51 100 0.3 5
c 2 57 100 0.3 5
c 3 60 100 0.3 5
c 0 48 100 0.3 9 //C 
c 1 55 100 0.3 9 
c 2 58 100 0.3 9 
c 3 64 100 0.3 9
c 0 48 100 0.3 13 //C 
c 1 55 100 0.3 13
c 2 58 100 0.3 13
c 3 64 100 0.3 13
c 0 41 100 0.3 17 //F
c 1 51 100 0.3 17
c 2 57 100 0.3 17
c 3 60 100 0.3 17
c 0 41 100 0.3 21 //F
c 1 51 100 0.3 21
c 2 57 100 0.3 21
c 3 60 100 0.3 21
c 0 48 100 0.3 25 //C 
c 1 55 100 0.3 25 
c 2 58 100 0.3 25 
c 3 64 100 0.3 25
c 0 48 100 0.3 29 //C 
c 1 55 100 0.3 29 
c 2 58 100 0.3 29 
c 3 64 100 0.3 29
c 0 50 100 0.5 33 //D
c 1 53 100 0.3 33
c 2 57 100 0.3 33
c 3 60 100 0.3 33
c 0 55 100 0.5 37 //G
c 1 59 100 0.3 37
c 2 62 100 0.3 37
c 3 65 100 0.3 37
c 0 40 100 0.3 41 //E
c 1 52 100 0.3 41
c 2 55 100 0.3 41
c 3 59 100 0.3 41
c 0 45 100 0.3 43 //A
c 1 55 100 0.3 43
c 2 58 100 0.3 43
c 3 61 100 0.3 43
c 0 50 100 0.5 45 //D
c 1 53 100 0.3 45
c 2 57 100 0.3 45
c 3 60 100 0.3 45
c 0 55 100 0.5 47 //G
c 1 59 100 0.3 47
c 2 62 100 0.3 47
c 3 65 100 0.3 47
m  0 60 63 65 66 67 70 72 75 63 
m  1 60 63 65 66 67 70 72 75 63 
m  2 60 63 65 66 67 70 72 75 63
m  3 60 63 65 66 67 70 72 75 63
m  4 60 63 65 66 67 70 72 75 63
m  5 60 63 65 66 67 70 72 75 63
m  6 60 63 65 66 67 70 72 75 63
m  7 60 63 65 66 67 70 72 75 63
m  8 60 63 65 66 67 70 72 75 63
m  9 60 63 65 66 67 70 72 75 63
m  10 60 63 65 66 67 70 72 75 63
m  11 60 63 65 66 67 70 72 75 63
m  12 60 63 65 66 67 70 72 75 63
m  13 60 63 65 66 67 70 72 75 63
m  14 60 63 65 66 67 70 72 75 63
m  15 60 63 65 66 67 70 72 75 63
m  16 60 63 65 66 67 70 72 75 63
m  17 60 63 65 66 67 70 72 75 63
m  18 60 63 65 66 67 70 72 75 63
m  19 60 63 65 66 67 70 72 75 63
m  20 60 63 65 66 67 70 72 75 63
m  21 60 63 65 66 67 70 72 75 63
m  22 60 63 65 66 67 70 72 75 63
m  23 60 63 65 66 67 70 72 75 63
m  24 60 63 65 66 67 70 72 75 63
m  25 60 63 65 66 67 70 72 75 63
m  26 60 63 65 66 67 70 72 75 63
m  27 60 63 65 66 67 70 72 75 63
m  28 60 63 65 66 67 70 72 75 63
m  29 60 63 65 66 67 70 72 75 63
m  30 60 63 65 66 67 70 72 75 63
m  31 60 63 65 66 67 70 72 75 63
m  32 60 63 65 66 67 70 72 75 63
m  33 60 63 65 66 67 70 72 75 63
m  34 60 63 65 66 67 70 72 75 63
m  35 60 63 65 66 67 70 72 75 63
m  36 60 63 65 66 67 70 72 75 63
m  37 60 63 65 66 67 70 72 75 63
m  38 60 63 65 66 67 70 72 75 63
m  39 60 63 65 66 67 70 72 75 63
m  40 60 63 65 66 67 70 72 75 63
m  41 60 63 65 66 67 70 72 75 63
m  42 60 63 65 66 67 70 72 75 63
m  43 60 63 65 66 67 70 72 75 63
m  44 60 63 65 66 67 70 72 75 63
m  45 60 63 65 66 67 70 72 75 63
m  46 60 63 65 66 67 70 72 75 63
m  47 60 63 65 66 67 70 72 75 63
