32 4 
32 4              

/** You can write anything after the
* 5 numbers after the 'c' and 10 numbers after
* the 'm'
* / 

//c <voice number> <midi number> <velocity> <harmonicity envelope value> <time slice>
c 0 48 100 0.3 1 //1 
c 1 55 100 0.3 1 
c 2 59 100 0.3 1 
c 3 64 100 0.3 1 
c 0 47 100 0.3 5 //2
c 1 55 100 0.3 5
c 2 59 100 0.3 5
c 3 62 100 0.3 5
c 0 64 100 0.3 7 //3
c 0 45 100 0.3 9 //4
c 1 52 100 0.3 9
c 2 55 100 0.3 9
c 3 60 100 0.3 9
c 0 44 100 0.3 12 //5
c 1 51 100 0.3 12
c 2 54 100 0.3 12
c 3 59 100 0.3 12
c 0 43 100 0.3 13 //6
c 1 50 100 0.3 13
c 2 53 100 0.3 13
c 3 58 100 0.3 13
c 0 48 100 0.3 15 //7
c 1 55 100 0.3 15
c 2 58 100 0.3 15
c 3 61 100 0.3 15
c 0 41 100 0.3 17 //8
c 1 53 100 0.3 17
c 2 57 100 0.3 17
c 3 60 100 0.3 17
c 0 40 100 0.3 21 //9
c 1 52 100 0.3 21
c 2 55 100 0.3 21
c 3 59 100 0.3 21
c 0 45 100 0.3 23 //10
c 1 55 100 0.3 23
c 2 58 100 0.3 23
c 3 61 100 0.3 23
c 0 38 100 0.3 25 //11
c 1 50 100 0.3 25
c 2 53 100 0.3 25
c 3 57 100 0.3 25
c 0 43 100 0.3 27 //12
c 1 56 100 0.3 27
c 2 59 100 0.3 27
c 3 62 100 0.3 27
c 0 48 100 0.3 29 //13
c 1 55 100 0.3 29
c 2 60 100 0.3 29
c 3 64 100 0.3 29
//m <time slice> <map values>...
m  0 64 67 71 72 74 76 79 81 72 
m  1 74 76 79 81 72 64 67 71 72 
m  2 64 67 71 72 74 76 79 81 72 
m  3 74 76 79 81 72 64 67 71 72
m  4 62 65 67 71 74 77 79 83 71 
m  5 74 77 79 83 71 62 65 67 71  
m  6 64 67 71 72 74 76 79 81 72 
m  7 74 76 79 81 72 64 67 71 72  
m  8 64 69 67 72 76 79 81 64 69   
m  9 64 69 67 72 76 79 81 64 69 
m  10 64 69 67 72 76 79 81 64 69 
m  11 63 68 66 71 75 78 80 63 68  
m  12 62 67 65 70 74 77 79 62 67  
m  13 74 77 79 62 67 62 67 65 70   
m  14 64 67 70 72 76 69 82 64 67  
m  15 76 69 82 64 67 64 67 70 72   
m  16 65 69 72 76 77 79 81 84 76 
m  17 77 79 81 84 76 65 69 72 76 
m  18 65 69 72 76 77 79 81 84 76 
m  19 77 79 81 84 76 65 69 72 76 
m  20 64 67 71 74 76 79 83 88 83  
m  21 76 79 83 88 83 64 67 71 74  
m  22 69 72 73 75 76 79 81 84 85 
m  23 76 79 81 84 85 69 72 73 75   
m  24 62 65 69 72 74 77 79 81 84   
m  25 74 77 79 81 84 62 65 69 72  
m  26 62 65 69 72 74 77 79 81 84   
m  27 74 77 79 81 84 62 65 69 72  
m  28 64 67 71 72 74 76 79 81 72 
m  29 74 76 79 81 72 64 67 71 72 
m  30 64 67 71 72 74 76 79 81 72 
m  31 74 76 79 81 72 64 67 71 72  