16 4 
16 4              

/** You can write anything after the
* 5 numbers after the 'c' and 10 numbers after
* the 'm'
* / 
//c <voice number> <midi number> <velocity> <harmonicity envelope value> <time slice>
c 0 60 100 0.3 2 //I 
c 1 71 100 0.3 2 
c 2 76 100 0.3 2 
c 3 74 100 0.3 2 
c 0 57 100 0.3 4 //VI
c 1 70 100 0.3 4
c 2 73 100 0.3 4
c 3 76 100 0.3 4
c 0 62 100 0.3 10 //II
c 1 65 100 0.3 10
c 2 69 100 0.3 10
c 3 72 100 0.3 10
c 0 55 100 0.3 12 //V
c 1 68 100 0.3 12
c 2 71 100 0.3 12
c 3 74 100 0.3 12
//m <time slice> <map values>...
m  0 74 77 79 79 71 77 74 77 74 
m  1 74 76 77 79 81 77 74 76 74 
m  2 72 76 79 79 83 79 76 72 76 
m  3 83 81 76 79 81 83 84 76 74 
m  4 73 76 79 85 81 88 73 79 81 
m  5 71 72 74 79 81 79 74 72 71  
m  6 73 76 79 85 81 88 73 79 81  
m  7 71 72 74 79 81 79 74 72 71  
m  8 73 76 79 85 81 88 73 79 81   
m  9 71 72 74 79 81 79 74 72 71 
m  10 74 77 79 86 71 88 89 77 74 
m  11 74 77 79 79 71 77 74 77 74  
m  12 74 77 79 81 79 82 83 86 77  
m  13 74 76 77 79 83 81 84 86 77  
m  14 74 77 79 81 79 82 83 86 77  
m  15 74 76 77 79 81 83 86 84 77  

